10 3
11 3
5 4
6 4
10 4
11 4
5 5
6 5
9 7
10 7
9 8
10 8
3 9
4 9
5 9
6 9
7 9
8 9
3 10
4 10
5 10
6 10
8 10
12 10
13 10
6 11
8 11
9 11
10 11
11 11
12 11
13 11
6 12
7 12
8 12
9 12
10 12
13 12
6 13
7 13
10 13
11 13
12 13
13 13
6 14
7 14
15 20
16 20
17 20
18 20
19 20
20 20
21 20
22 20
0 21
14 21
15 21
22 21
23 21
24 21
25 21
26 21
27 21
28 21
29 21
30 21
31 21
32 21
33 21
34 21
35 21
36 21
37 21
38 21
39 21
40 21
41 21
44 21
45 21
46 21
54 21
55 21
56 21
57 21
0 22
1 22
2 22
3 22
4 22
5 22
6 22
7 22
8 22
9 22
10 22
11 22
12 22
13 22
14 22
15 22
16 22
17 22
18 22
19 22
20 22
21 22
22 22
23 22
24 22
25 22
26 22
27 22
28 22
29 22
30 22
31 22
32 22
33 22
34 22
35 22
36 22
37 22
38 22
39 22
40 22
41 22
42 22
43 22
44 22
45 22
46 22
47 22
48 22
49 22
50 22
51 22
52 22
53 22
54 22
55 22
56 22
57 22
58 22
59 22
0 23
48 23
49 23
50 23
51 23
52 23
53 23
54 23
55 23
59 23
0 24
48 24
49 24
50 24
51 24
52 24
53 24
54 24
55 24
59 24
0 25
48 25
49 25
50 25
51 25
52 25
53 25
54 25
55 25
59 25
0 26
48 26
49 26
50 26
51 26
52 26
53 26
54 26
55 26
59 26
0 27
48 27
49 27
50 27
51 27
52 27
53 27
54 27
55 27
59 27
0 28
48 28
49 28
50 28
51 28
52 28
53 28
54 28
55 28
59 28
0 29
48 29
49 29
50 29
51 29
52 29
53 29
54 29
55 29
59 29
0 30
48 30
49 30
50 30
51 30
52 30
53 30
54 30
55 30
59 30
0 31
59 31
0 32
37 32
38 32
39 32
40 32
41 32
42 32
43 32
44 32
59 32
0 33
37 33
38 33
39 33
40 33
41 33
42 33
43 33
44 33
59 33
0 34
37 34
38 34
39 34
40 34
41 34
42 34
43 34
44 34
59 34
0 35
37 35
38 35
39 35
40 35
41 35
42 35
43 35
44 35
59 35
0 36
37 36
38 36
39 36
40 36
41 36
42 36
43 36
44 36
59 36
0 37
37 37
38 37
39 37
40 37
41 37
42 37
43 37
44 37
59 37
0 38
37 38
38 38
39 38
40 38
41 38
42 38
43 38
44 38
59 38
0 39
37 39
38 39
39 39
40 39
41 39
42 39
43 39
44 39
59 39
0 40
5 40
6 40
7 40
8 40
9 40
10 40
11 40
12 40
37 40
38 40
39 40
40 40
41 40
42 40
43 40
44 40
59 40
0 41
5 41
6 41
7 41
8 41
9 41
10 41
11 41
12 41
37 41
38 41
39 41
40 41
41 41
42 41
43 41
44 41
59 41
0 42
5 42
6 42
7 42
8 42
9 42
10 42
11 42
12 42
37 42
38 42
39 42
40 42
41 42
42 42
43 42
44 42
59 42
0 43
5 43
6 43
7 43
8 43
9 43
10 43
11 43
12 43
37 43
38 43
39 43
40 43
41 43
42 43
43 43
44 43
59 43
0 44
5 44
6 44
7 44
8 44
9 44
10 44
11 44
12 44
37 44
38 44
39 44
40 44
41 44
42 44
43 44
44 44
59 44
0 45
5 45
6 45
7 45
8 45
9 45
10 45
11 45
12 45
59 45
0 46
5 46
6 46
7 46
8 46
9 46
10 46
11 46
12 46
59 46
0 47
5 47
6 47
7 47
8 47
9 47
10 47
11 47
12 47
59 47
0 48
5 48
6 48
7 48
8 48
9 48
10 48
11 48
12 48
59 48
0 49
5 49
6 49
7 49
8 49
9 49
10 49
11 49
12 49
59 49
0 50
5 50
6 50
7 50
8 50
9 50
10 50
11 50
12 50
59 50
0 51
5 51
6 51
7 51
8 51
9 51
10 51
11 51
12 51
59 51
0 52
59 52
0 53
59 53
0 54
15 54
16 54
17 54
18 54
19 54
45 54
46 54
47 54
48 54
49 54
50 54
59 54
0 55
15 55
19 55
45 55
50 55
59 55
0 56
1 56
2 56
3 56
4 56
5 56
6 56
7 56
8 56
9 56
10 56
11 56
12 56
13 56
14 56
15 56
19 56
20 56
21 56
22 56
23 56
24 56
25 56
26 56
27 56
28 56
29 56
30 56
31 56
32 56
33 56
34 56
35 56
36 56
37 56
38 56
39 56
40 56
41 56
42 56
43 56
44 56
45 56
49 56
50 56
51 56
52 56
53 56
54 56
55 56
56 56
57 56
58 56
59 56
49 57
50 57
51 57
52 57
53 57
54 57
55 57
56 57
58 57
59 57
50 58
51 58
52 58
53 58
54 58
55 58
56 58
57 58
58 58
59 58
