10 -56
11 -56
5 -55
6 -55
10 -55
11 -55
5 -54
6 -54
9 -52
10 -52
9 -51
10 -51
3 -50
4 -50
5 -50
6 -50
7 -50
8 -50
3 -49
4 -49
5 -49
6 -49
8 -49
12 -49
13 -49
6 -48
8 -48
9 -48
10 -48
11 -48
12 -48
13 -48
6 -47
7 -47
8 -47
9 -47
10 -47
13 -47
6 -46
7 -46
10 -46
11 -46
12 -46
13 -46
6 -45
7 -45
15 -39
16 -39
17 -39
18 -39
19 -39
20 -39
21 -39
22 -39
0 -38
14 -38
15 -38
22 -38
23 -38
24 -38
25 -38
26 -38
27 -38
28 -38
29 -38
30 -38
31 -38
32 -38
33 -38
34 -38
35 -38
36 -38
37 -38
38 -38
39 -38
40 -38
41 -38
44 -38
45 -38
46 -38
54 -38
55 -38
56 -38
57 -38
0 -37
1 -37
2 -37
3 -37
4 -37
5 -37
6 -37
7 -37
8 -37
9 -37
10 -37
11 -37
12 -37
13 -37
14 -37
15 -37
16 -37
17 -37
18 -37
19 -37
20 -37
21 -37
22 -37
23 -37
24 -37
25 -37
26 -37
27 -37
28 -37
29 -37
30 -37
31 -37
32 -37
33 -37
34 -37
35 -37
36 -37
37 -37
38 -37
39 -37
40 -37
41 -37
42 -37
43 -37
44 -37
45 -37
46 -37
47 -37
48 -37
49 -37
50 -37
51 -37
52 -37
53 -37
54 -37
55 -37
56 -37
57 -37
58 -37
59 -37
0 -36
48 -36
49 -36
50 -36
51 -36
52 -36
53 -36
54 -36
55 -36
59 -36
0 -35
48 -35
49 -35
50 -35
51 -35
52 -35
53 -35
54 -35
55 -35
59 -35
0 -34
48 -34
49 -34
50 -34
51 -34
52 -34
53 -34
54 -34
55 -34
59 -34
0 -33
48 -33
49 -33
50 -33
51 -33
52 -33
53 -33
54 -33
55 -33
59 -33
0 -32
48 -32
49 -32
50 -32
51 -32
52 -32
53 -32
54 -32
55 -32
59 -32
0 -31
48 -31
49 -31
50 -31
51 -31
52 -31
53 -31
54 -31
55 -31
59 -31
0 -30
48 -30
49 -30
50 -30
51 -30
52 -30
53 -30
54 -30
55 -30
59 -30
0 -29
48 -29
49 -29
50 -29
51 -29
52 -29
53 -29
54 -29
55 -29
59 -29
0 -28
59 -28
0 -27
37 -27
38 -27
39 -27
40 -27
41 -27
42 -27
43 -27
44 -27
59 -27
0 -26
37 -26
38 -26
39 -26
40 -26
41 -26
42 -26
43 -26
44 -26
59 -26
0 -25
37 -25
38 -25
39 -25
40 -25
41 -25
42 -25
43 -25
44 -25
59 -25
0 -24
37 -24
38 -24
39 -24
40 -24
41 -24
42 -24
43 -24
44 -24
59 -24
0 -23
37 -23
38 -23
39 -23
40 -23
41 -23
42 -23
43 -23
44 -23
59 -23
0 -22
37 -22
38 -22
39 -22
40 -22
41 -22
42 -22
43 -22
44 -22
59 -22
0 -21
37 -21
38 -21
39 -21
40 -21
41 -21
42 -21
43 -21
44 -21
59 -21
0 -20
37 -20
38 -20
39 -20
40 -20
41 -20
42 -20
43 -20
44 -20
59 -20
0 -19
5 -19
6 -19
7 -19
8 -19
9 -19
10 -19
11 -19
12 -19
37 -19
38 -19
39 -19
40 -19
41 -19
42 -19
43 -19
44 -19
59 -19
0 -18
5 -18
6 -18
7 -18
8 -18
9 -18
10 -18
11 -18
12 -18
37 -18
38 -18
39 -18
40 -18
41 -18
42 -18
43 -18
44 -18
59 -18
0 -17
5 -17
6 -17
7 -17
8 -17
9 -17
10 -17
11 -17
12 -17
37 -17
38 -17
39 -17
40 -17
41 -17
42 -17
43 -17
44 -17
59 -17
0 -16
5 -16
6 -16
7 -16
8 -16
9 -16
10 -16
11 -16
12 -16
37 -16
38 -16
39 -16
40 -16
41 -16
42 -16
43 -16
44 -16
59 -16
0 -15
5 -15
6 -15
7 -15
8 -15
9 -15
10 -15
11 -15
12 -15
37 -15
38 -15
39 -15
40 -15
41 -15
42 -15
43 -15
44 -15
59 -15
0 -14
5 -14
6 -14
7 -14
8 -14
9 -14
10 -14
11 -14
12 -14
59 -14
0 -13
5 -13
6 -13
7 -13
8 -13
9 -13
10 -13
11 -13
12 -13
59 -13
0 -12
5 -12
6 -12
7 -12
8 -12
9 -12
10 -12
11 -12
12 -12
59 -12
0 -11
5 -11
6 -11
7 -11
8 -11
9 -11
10 -11
11 -11
12 -11
59 -11
0 -10
5 -10
6 -10
7 -10
8 -10
9 -10
10 -10
11 -10
12 -10
59 -10
0 -9
5 -9
6 -9
7 -9
8 -9
9 -9
10 -9
11 -9
12 -9
59 -9
0 -8
5 -8
6 -8
7 -8
8 -8
9 -8
10 -8
11 -8
12 -8
59 -8
0 -7
59 -7
0 -6
59 -6
0 -5
15 -5
16 -5
17 -5
18 -5
19 -5
45 -5
46 -5
47 -5
48 -5
49 -5
50 -5
59 -5
0 -4
15 -4
19 -4
45 -4
50 -4
59 -4
0 -3
1 -3
2 -3
3 -3
4 -3
5 -3
6 -3
7 -3
8 -3
9 -3
10 -3
11 -3
12 -3
13 -3
14 -3
15 -3
19 -3
20 -3
21 -3
22 -3
23 -3
24 -3
25 -3
26 -3
27 -3
28 -3
29 -3
30 -3
31 -3
32 -3
33 -3
34 -3
35 -3
36 -3
37 -3
38 -3
39 -3
40 -3
41 -3
42 -3
43 -3
44 -3
45 -3
49 -3
50 -3
51 -3
52 -3
53 -3
54 -3
55 -3
56 -3
57 -3
58 -3
59 -3
49 -2
50 -2
51 -2
52 -2
53 -2
54 -2
55 -2
56 -2
58 -2
59 -2
50 -1
51 -1
52 -1
53 -1
54 -1
55 -1
56 -1
57 -1
58 -1
59 -1
